8000 3E
8001 38
8002 32
8003 00
8004 85
8005 EF


8000 21
8001 00
8002 85
8003 36
8004 48
8005 EF

8000 3A
8001 00
8002 85
8003 47
8004 3A




8000 21
8001 00
8002 85
8003 4E
8004 3E
8005 00
8006 23
8007 46
8008 80
8009 0D
800A C2
800B 06
800C 80
800D 23
800E 77
800F EF





8005 00
8006 87
8007 32


8000 21
8001 00
8002 85
8003 11
8004 00
8005 87
8006 46
8008 00
8009 85
800A 78
800B 32
800C 00
800D 87
800E EF





8000 21
8001 00
8002 85
8003 11
8004 00
8005 87
8006 46
8007 1A
8008 77
8009 78
800A 12
800B EF



8000,8001 06,0A
8002,8003 16,AD
8004,8005 0E,00
8006,8007,8008 21,00,85
8009 7E
800A B8
800B,800C,800D C2,0F,80
800E 0C
800F 23
8010 05
8011,8012,8013 C2,09,80
8014 79 
8015,8016,8017 32,03,85
8018 EF

8000 0E
8001 00
8002 21
8003 00
8004 85
8005 7E
8006 23
8007 86
8008 D2
8009 0C
800A 80
800B 0C
800C 23
800D 77
800E 23
800F 71
8010 EF



8000 3A
8001 00
8002 85
8003 2F
8004 32
8005 01
8006 85
8007 EF





8000 3A
8001 00
8002 85
8003 2F
8004 3C
8005 32
8006 01
8007 85
8008 EF

 
 


 
 

